,Topic_0,Topic_1,Topic_2,Topic_3,Topic_4,Topic_5,Topic_6,Topic_7,Topic_8,Topic_9,Dominant_Topic
Huovinen_-_2001_-_Bacteriotherapy_The_Time_Has_Come_Bacterial_In.txt,0.25482444575593743,1.1820715105552027E-4,1.0250969550594588E-4,7.678774323941825E-5,0.027138220493129143,1.2214969491805363E-4,0.06217160093167077,1.8542860919632892E-4,0.0028182294642410395,0.6524424204611065,3
Levin_and_Antia_-_2001_-_Why_We_Dont_Get_Sick_The_Within-Host_Po.txt,9.222198226508766E-4,0.00173961480339175,6.338861888007374E-5,4.7483010917558665E-5,0.4792405137193493,0.1292307864675785,0.005947741787371757,1.1466294363469705E-4,7.618086894766153E-5,0.3826174079572778,0
Hooper_and_Gordon_-_2001_-_Commensal_host-bacterial_relationship.txt,4.863618508926652E-5,0.11438523565850539,0.1298689298983836,2.595986128534429E-5,0.3148546919094897,0.2742877272037598,6.283107499627081E-5,6.268840273196034E-5,4.1649523740436925E-5,0.16636165028201813,6
Swerdlow_and_Johnson_-_2002_-_Living_with_Microbes.txt,0.0010094176043607907,4.203056263628763E-5,3.644906538493402E-5,2.7303187862193384E-5,0.263110462842813,0.0010016970781573987,0.024501831613913432,6.593229515975242E-5,4.380473218083111E-5,0.7101610710175313,7
Relman_-_2002_-_New_technologies_human-microbe_interactions_and_.txt,4.332670020890245E-5,0.0020647334768233517,8.425258600344586E-4,2.3125891253815185E-5,0.04348004327878701,0.04264858983827813,4.6179866117648186E-4,0.17253218812218613,0.10758117560319468,0.630322492568057,2
Xu_and_Gordon_-_2003_-_Honor_thy_symbionts.txt,1.2568901697953506E-5,0.999409199433986,8.955982453449504E-6,6.708728161740822E-6,1.641579173318367E-5,1.0671873708929753E-5,1.6237244014007887E-5,1.6200373653763723E-5,1.076336001064485E-5,4.922783105803833E-4,2
Dillon_and_Dillon_-_2004_-_The_gut_bacteria_of_insects_Nonpathog.txt,3.1944403455793484E-5,0.013490811373309266,0.0897865205452011,0.025150902909466408,0.6337738566697333,0.024562550357203405,0.039238108878271005,4.1173945390526674E-5,0.13646826850909036,0.037455862408878944,7
Kaper_and_Sperandio_-_2005_-_Bacterial_Cell-to-Cell_Signaling_in.txt,0.08655828742974213,0.10645411979371554,2.1941372346472877E-5,1.6435796221477467E-5,0.655918627242647,0.08424624001812653,0.04907202683424601,3.9689496081170865E-5,0.017620293215774366,5.233880109929823E-5,9
Larue_et_al._-_2005_-_Novel_microbial_diversity_adherent_to_plan.txt,5.2305750677228076E-5,4.297779704681701E-5,0.07450669868165145,0.001497709859842838,6.83146650518408E-5,4.4411228514026195E-5,0.30872375418557074,0.0333826886956797,0.5815922343119717,8.890482399363496E-5,9
Salminen_et_al._-_2005_-_The_genomics_of_probiotic_intestinal_mi.txt,0.3164777350917724,0.364305751439649,7.428240959485988E-5,5.564330834291231E-5,0.08313537245458599,0.005947282566400075,0.0011111357834456598,0.040169285101505824,0.004971579990844339,0.18375193185385894,2
Yu_et_al._-_2005_-_Development_and_Application_of_Real-Time_PCR_.txt,6.0794497120700955E-5,0.0011888360884647492,4.331917478262533E-5,3.244943470111835E-5,7.940151233894653E-5,5.161876598777534E-5,0.6982140540049405,0.035953186241301775,0.2358009223439588,0.028575417936402944,4
Crawford_and_Gordon_-_2005_-_Microbial_regulation_of_intestinal_.txt,2.2339237273101815E-5,1.8355366155217928E-5,0.014035276144639923,1.1923704537387715E-5,2.917647662190904E-5,0.985349687532423,2.885913625605285E-5,2.8793605015087448E-5,4.3761847962371783E-4,3.797031745463169E-5,8
Backhed_et_al._-_2005_-_Host-bacterial_mutualism_in_the_human_in.txt,3.812769308676014E-5,0.21502318576036367,0.5053651720233332,2.0350889401498508E-5,0.0193347811145907,0.10359987921003679,0.004334807567248188,4.9143742978124384E-5,3.265059246465373E-5,0.15220190140649636,7
Samuel_and_Gordon_-_2006_-_A_humanized_gnotobiotic_mouse_model_o.txt,3.019185016928751E-5,2.480758219207554E-5,0.9997087271075342,1.6115084702964773E-5,3.943249269736976E-5,2.5634985441729373E-5,3.900360192274455E-5,3.891503536228202E-5,2.5854745352364535E-5,5.1317514624855625E-5,9
Motlekar_and_Youan_-_2006_-_The_quest_for_non-invasive_delivery_.txt,0.5850259273309023,3.0436854155306768E-5,2.6394956851247733E-5,0.042002959905874396,3.9534890737582683E-4,0.022931372752200047,0.09025966318373842,0.010109831920771124,3.172163685358631E-5,0.24918634255127778,4
Macia_et_al._-_2006_-_Genes_involved_in_obesity_Adipocytes_brain.txt,0.7717396906943348,0.010398912265000483,0.008636951277729206,0.009689538388296086,0.02519126470796098,0.09364320972230337,2.0026392741352692E-4,2.4217726789097836E-5,1.609000617155147E-5,0.08045986128400096,7
Manichanh_et_al._-_2006_-_Reduced_diversity_of_faecal_microbiota.txt,6.968289450048009E-5,5.725598540697788E-5,4.9652610502434466E-5,0.01374381670153929,9.101032938077183E-5,0.03269398237393927,0.19394083187749378,0.1267129049832808,0.6325224212429053,1.184410010509484E-4,4
Sonnenburg_et_al._-_2006_-_A_hybrid_two-component_system_protein.txt,0.010492624153780708,0.4867508459792357,0.26931170174119456,2.290282142476625E-5,0.043060639515499,0.07278252805909896,0.11701186188154587,4.5721833042996053E-4,3.67448652428783E-5,7.293265254756434E-5,9
Iweala_and_Nagler_-_2006_-_Immune_privilege_in_the_gut_the_estab.txt,0.08312174080892427,1.883621298355861E-5,1.6334836261495066E-5,2.2696168784682005E-4,0.04104253492039134,0.8385230248950556,0.0026063226294412937,2.9547897440033884E-5,1.9631316196883468E-5,0.03439506479545881,7
Dumas_et_al._-_2006_-_Metabolic_profiling_reveals_a_contribution.txt,0.03613419854311216,0.001234530647941507,0.06982180296780026,0.8030584413932298,8.245341929510392E-5,0.04854257855356043,8.15566078471598E-5,8.137141499614257E-5,5.406232306102347E-5,0.040909004129156386,4
Blaser_-_2006_-_Who_are_we_Indigenous_microbes_and_the_ecology_o.txt,5.740328911797114E-4,2.3901827433747218E-5,2.072775657302053E-5,2.879983944608075E-4,3.799276481027246E-5,2.4699021192422537E-5,3.757953335532267E-5,3.749420046684585E-5,2.4910757403561053E-5,0.9989306628531243,0
Oh_et_al._-_2006_-_The_complete_genome_sequence_of_a_chronic_atr.txt,2.7402124752247123E-5,0.775925420766771,1.9525409169865514E-5,1.462605169764894E-5,3.578893238164539E-5,0.0351865802539992,3.539967109273893E-5,3.531928807794971E-5,2.3465768199385366E-5,0.18869647173385837,4
Ley_et_al._-_2006_-_Ecological_and_evolutionary_forces_shaping_m.txt,3.698938364088516E-4,0.10530633524114652,0.4004123032693359,1.904499625919255E-5,0.18018727591378822,0.03913318788501588,4.6094914572620533E-5,0.09830453977160672,0.11566816814904818,0.06055315602281794,6
OHara_and_Shanahan_-_2006_-_The_gut_flora_as_a_forgotten_organ.txt,0.22128087971549065,0.022433083968793028,0.048638692569938496,3.643272693563639E-5,0.04100709007864907,0.6189418237870126,0.0045635785986532455,8.797849239872865E-5,5.8451996671157064E-5,0.04295198806545734,7
Robinson_-_2006_-_In_the_Guts_Microbial_Community_One_Plus_One_E.txt,0.037823958624694995,0.05892484374420249,1.3960650438627597E-5,0.002763202720659713,0.46468896303559615,0.01763420407589751,0.05251098409808226,0.1606020511402561,2.0029434412480694E-4,0.20483753756604747,8
Kochhar_et_al._-_2007_-_SP1_Mapping_of_Gut_Microbiome-Mammalian_.txt,0.023101819188572424,3.316397900866181E-5,2.8759930000738654E-5,0.10398712943048875,0.03521198617172934,0.0019245534736861583,0.23331311123133291,0.27187477382172204,3.456387750733782E-5,0.3304901388959517,8
Turnbaugh_et_al._-_2007_-_The_Human_Microbiome_Project.txt,1.7503448084394254E-4,1.387328327658061E-5,0.9982556085952949,9.012129169997772E-6,2.2052053975137387E-5,0.0012795369822251336,2.1812202982605425E-5,2.1762673408436706E-5,1.4458894201781103E-5,1.8684870462153049E-4,3
Goodacre_-_2007_-_Metabolomics_of_a_superorganism.txt,4.404163098183704E-5,3.618746033545138E-5,3.1381904622490086E-5,0.5338285374811521,0.06193600226014775,3.739441480793666E-5,0.02522081119394362,0.14196474960975286,3.771498426077002E-5,0.23686317905999518,0
Vihavainen_et_al._-_2007_-_Role_of_Broiler_Carcasses_and_Process.txt,4.251576077687255E-5,3.493370641471282E-5,3.029464440594082E-5,2.2693047371679416E-5,5.552831035385036E-5,3.609884463681732E-5,0.8932868149586451,5.479963383527094E-5,0.1059658255618901,4.704955316696126E-4,4
Minieri_and_Di_Nardo_-_2007_-_Nutrients_the_environmental_regula.txt,0.5770128829253348,6.43074940373602E-5,5.576770587613593E-5,0.1415263757316755,0.019162320681380816,0.0396528174837965,1.0110714855894686E-4,8.339583979082016E-4,6.702200439008368E-5,0.22152344042704156,7
Huber_et_al._-_2007_-_Microbial_Population_Structures_in_the_Dee.txt,9.631500841910714E-4,9.46581254337572E-4,0.10449520616271528,4.9590417425027925E-5,0.18809355188320814,7.888569326017847E-5,0.05581549340651829,0.4735312377013191,0.13844799253067286,0.03757831086635245,0
Gloux_et_al._-_2007_-_Development_of_High-Throughput_Phenotyping.txt,0.1555304438234418,0.32897932007481717,9.164258610475491E-5,0.004887308884636206,0.06521990510535879,0.019383846348102324,0.14833998816054614,0.08208301591148234,0.19526592550083977,2.1860360467074983E-4,2
Raes_et_al._-_2007_-_Get_the_most_out_of_your_metagenome_computa.txt,4.680255182744267E-5,0.014943506163404275,3.334920130781885E-5,2.498114831602373E-5,6.112713440235833E-5,3.973862906728219E-5,0.006636219699813421,0.9460926257752987,0.003985533746514876,0.028136115950047776,4
Wei_et_al._-_2007_-_The_Microbial_Community_in_the_Feces_of_the_.txt,5.846406575811213E-5,4.8037868114907326E-5,0.05206492434007491,3.1205552706739375E-5,0.02581418401600123,4.964006730856406E-5,0.25581094930223264,7.535580541248444E-5,0.6599241202265551,0.006123118755835299,7
Raes_et_al._-_2007_-_Protein_function_space_viewing_the_limits_o.txt,5.9673144694051055E-5,0.03749790149810897,4.252015408069362E-5,3.185090598439464E-5,0.011815642530551507,5.066665960903279E-5,6.360276271914439E-4,0.9273556547533165,5.110100745031294E-5,0.02245896171901303,6
Field_and_Kyrpides_-_2007_-_The_Positive_Role_of_the_Ecological_.txt,7.871110346934723E-4,6.238664691536356E-5,0.0021876536807816853,0.004307630047107166,9.91656897417957E-5,6.446741859206759E-5,0.002231638846808348,0.6956357319131119,6.502007559204429E-5,0.29455919464665614,4
Locascio_et_al._-_2007_-_Glycoprofiling_of_bifidobacterial_consu.txt,0.07847517728663199,0.24782650998799252,0.0030146104886291996,0.21156401580135784,0.003061473980835137,6.704209874907254E-5,0.41870822411285824,1.0177285450433078E-4,6.761682759623259E-5,0.03711355656084544,8
Gross_-_2007_-_Human_Gut_Hosts_a_Dynamically_Evolving_Microbial_.txt,0.0036634870522203964,0.48687447578155063,0.11941526385737346,1.8862465479964983E-4,0.18251682945953795,3.000536682783095E-4,4.5653132355346146E-4,4.55494665217377E-4,3.026259251448671E-4,0.20582661361232388,6
Rawls_et_al._-_2007_-_In_vivo_imaging_and_genetic_analysis_link_.txt,3.697875389056844E-5,3.0384142454243574E-5,0.1344169791581299,1.9737636077791303E-5,0.6983253840076056,0.12576283738116034,0.041265516063383634,4.766284633885867E-5,3.166670011700606E-5,6.285331084209488E-5,9
Warnecke_and_Hugenholtz_-_2007_-_Building_on_basic_metagenomics_.txt,9.455408052461405E-5,7.769176486562587E-5,0.0036100002148648576,5.0468818840891385E-5,0.04352065751284215,8.028300564932848E-5,0.1772534313995067,0.7750712270510722,8.097124423589302E-5,1.6071490759773355E-4,0
Schilder_and_Marden_-_2007_-_Metabolic_Syndrome_in_Insects_Trigg.txt,0.41925494271739944,1.3129987674611294E-4,0.1378165543741102,0.09438170052454331,0.21724012016298536,0.054019340645778104,0.015174119363105523,0.007689808722726838,1.3684223040292902E-4,0.054155271382202316,8
Dumas_et_al._-_2007_-_Direct_quantitative_trait_locus_mapping_of.txt,6.203079944241385E-5,5.096852783050724E-5,4.420010313790257E-5,0.884929193736298,8.101620246225258E-5,5.266847284048506E-5,0.055858220449218204,0.058763147100346975,5.31199815378871E-5,1.0543462688536123E-4,4
Loscalzo_et_al._-_2007_-_Human_disease_classification_in_the_pos.txt,0.0350640048529987,0.03073258245036833,3.288784137829771E-5,0.1759785227079588,0.0731222149752634,0.009550209803689336,5.962583204344329E-5,0.06058416906597668,3.9524829192944596E-5,0.61483625764113,6
Idle_and_Gonzalez_-_2007_-_Metabolomics.txt,0.02996967101390457,0.0069884972983334116,0.03108240750159165,0.42251685291713237,0.0185275232220859,0.05291049040102595,1.5832845305036118E-4,0.09773506703367062,1.0495291803457221E-4,0.3400062092411707,6
Chen_et_al._-_2007_-_Development_and_Application_of_Real-Time_PC.txt,5.348492589514223E-5,0.055652214733355215,3.8110733089664805E-5,2.854790634887253E-5,6.985474351369733E-5,4.541243047332933E-5,0.651337099145635,0.004076741169424134,0.28860762512748067,9.090908478425497E-5,9
Fox_and_Wang_-_2007_-_Inflammation_atrophy_and_gastric_cancer.txt,8.691363844251798E-4,1.8565137060455392E-5,1.6099758179600915E-5,1.2059972388077298E-5,2.411453764138041E-4,0.7250822765606644,2.9188947554046625E-5,2.9122667401421146E-5,1.934879777534904E-5,0.2736830563981378,0
Kurokawa_et_al._-_2007_-_Comparative_Metagenomics_Revealed_Commo.txt,0.022150491882044026,0.3806575399869194,0.10303498971240847,2.5190971290094487E-5,6.164055664278026E-5,0.0013662701772751923,0.04957235365924959,0.22551445315386615,0.2029486752649262,0.014668394635378078,4
Samuel_et_al._-_2007_-_Genomic_and_metabolic_adaptations_of_Meth.txt,4.1750941109093675E-5,0.27143486036707076,0.7278055897510274,2.228482019581433E-5,5.452940681546522E-5,3.5449459423949376E-5,4.4500339545996574E-4,5.381383852128716E-5,3.5753355443425576E-5,7.09646649328865E-5,9
Ventura_et_al._-_2007_-_Genomics_of_Actinobacteria_Tracing_the_E.txt,0.026777866300017335,0.6268488393128496,5.885682054104474E-6,4.408834112020279E-6,0.1624079083129843,0.00441703517392078,0.01873392141088593,0.12604442872904326,0.004881308122514189,0.02987839812161853,2
Frank_et_al._-_2007_-_Molecular-phylogenetic_characterization_of.txt,3.328907195323506E-5,2.735246048014168E-5,0.14782051682341862,1.776824577498663E-5,4.3477662989778126E-5,0.20800392587195732,4.300477458524104E-5,4.290712245106058E-5,0.643911176060106,5.6581906283629576E-5,9
Klaassens_et_al._-_2007_-_Metaproteomics_Approach_To_Study_the_F.txt,8.00848396860418E-5,0.010567593099767743,5.7064526101933713E-5,4.274577303900201E-5,1.0459593692943906E-4,6.799761153900029E-5,0.5454464209010664,1.0322336494420105E-4,0.443394152612567,1.361213343592402E-4,0
Neill_-_2007_-_At_the_helm_of_the_NIDDK.txt,0.04434609719002537,2.757641445518995E-4,2.3914372554495908E-4,1.7913726993169243E-4,4.3833645423586555E-4,2.849616611649105E-4,4.3356885146607604E-4,4.325843346521136E-4,2.8740453944679583E-4,0.9530830018289803,4
Zhang_and_Gladyshev_-_2007_-_High_content_of_proteins_containing.txt,6.726808472148591E-5,0.34974835111044067,4.7931935575633864E-5,3.5904751680163026E-5,0.13177407908424263,5.7115293129086275E-5,8.690085516028537E-5,0.5167503522067549,5.760492288692172E-5,0.0013744917554082137,6
Martin_et_al._-_2007_-_A_top-down_systems_biology_view_of_microb.txt,0.06496868393990735,2.6130315865957202E-5,0.001809913950715259,0.9073460724529332,0.00838205201129624,2.7001836036467023E-5,0.017317868454243525,4.098997468105324E-5,2.7233313486994455E-5,5.405375083395683E-5,9
Rezzi_et_al._-_2007_-_Human_metabolic_phenotypes_link_directly_t.txt,0.039967691519967125,6.113869628325731E-4,4.275915138050366E-5,0.9269020187836507,0.001202535105720673,0.0011751115302957706,7.75225697912936E-5,0.007384387079926496,5.138823601432567E-5,0.022585199060420464,6
Clatworthy_et_al._-_2007_-_Targeting_virulence_a_new_paradigm_fo.txt,0.11526519022110758,0.0051207485321993415,2.76518111095279E-5,2.0713359464229043E-5,0.6550599679050167,0.01311859573493368,0.03603565956910211,5.00190430816561E-5,3.3232132763230595E-5,0.17526822169122183,7
Jurkowski_et_al._-_2007_-_Metagenomics_A_Call_for_Bringing_a_New.txt,9.100761551305916E-5,0.0017796534681789242,6.48475600535524E-5,4.8575871448238876E-5,0.047855381633939334,7.727180963348134E-5,0.009494385372020638,0.2592584097694159,7.793423427258523E-5,0.6812525326655243,0
Faber_et_al._-_2007_-_Metabonomics_in_Diabetes_Research.txt,0.04649217302684704,5.612294766897693E-4,3.9251239577953526E-5,0.7693371518920228,0.0057475892534893675,4.677144845605709E-5,0.0016190656237765725,0.027417285979576628,4.7172403992245874E-5,0.14869230965557156,1
Wilson_-_2007_-_Top-down_versus_bottom-uprediscovering_physiolog.txt,1.540335489436961E-4,1.2656395366074402E-4,1.097567468291135E-4,0.7488853812016267,0.12428031483719582,1.307852205999054E-4,1.9898956811394676E-4,1.9853771698361567E-4,1.319063973002693E-4,0.12578373080874633,6
McHardy_and_Rigoutsos_-_2007_-_Whats_in_the_mix_phylogenetic_cla.txt,8.66496713754632E-5,8.828154409685079E-4,0.013047637523760902,4.624979210847098E-5,1.1317002815608085E-4,7.357161127211081E-5,0.0033584129301680414,0.9570098390248896,0.025234374305696798,1.4727967160398114E-4,1
Xu_et_al._-_2007_-_Evolution_of_symbiotic_bacteria_in_the_distal.txt,1.1369582343356619E-5,0.9998915536571961,8.101406345371502E-6,6.068584120323503E-6,1.4849403736860622E-5,9.65356797335247E-6,1.4687892966534673E-5,1.4654540760677778E-5,9.736324690338196E-6,1.9325039867123602E-5,8
Lemberger_-_2007_-_Systems_biology_in_human_health_and_disease.txt,2.2613898941466963E-4,0.010776651339894363,1.6113554468870955E-4,0.3644456293388689,0.03418604283958186,1.9200776596823088E-4,2.921396030016687E-4,0.05960018516118496,1.9365378248680274E-4,0.5299264156349098,6
Wendl_-_2007_-_Random_Covering_of_Multiple_One-Dimensional_Domai.txt,5.733378299411168E-5,0.0011211618409521702,4.08532397519468E-5,3.0602257367830426E-5,7.488159773420217E-5,5.85706721681222E-4,0.0253143052736568,0.8152798879791701,4.909769858716371E-5,0.1574461696081044,4
Neu_-_2007_-_Perinatal_and_neonatal_manipulation_of_the_intestin.txt,0.5187083394052107,1.0222773964835444E-4,8.865228854633275E-5,6.640746650240287E-5,1.6249445697453073E-4,0.1958856356110159,0.0013260842052032246,0.0024910763704386256,0.04439011395817457,0.2367789684982855,2
Wexler_-_2007_-_Bacteroides_the_Good_the_Bad_and_the_Nitty-Gritt.txt,0.09038751161671911,0.4194910849354843,9.934962928524627E-6,7.442060760042334E-6,0.17410486803479072,0.16613204003804788,0.06361906417594412,1.7971240175487145E-5,0.010459751327940638,0.07577033160720925,2
Ruas-Madiedo_et_al._-_2007_-_Screening_of_Exopolysaccharide-Prod.txt,0.044975532823354605,0.5965006336834591,1.0334525198221262E-4,7.741364009575885E-5,0.004264925546450574,1.231453370196036E-4,0.2161888521022151,0.009696439448133143,0.1278231931026371,2.4651906465291746E-4,3
Stecher_et_al._-_2007_-_Salmonella_enterica_Serovar_Typhimurium_.txt,3.652333587985929E-5,3.0009941480501612E-5,0.003104941430547702,1.949455392891063E-5,0.09344150820402203,0.5231047469846588,0.15638773067095446,0.020231085285103263,0.19605563955543917,0.007588320037985335,0
Rusch_et_al._-_2007_-_The_Sorcerer_II_Global_Ocean_Sampling_Expe.txt,1.3433029965373116E-4,0.09735130460394979,9.233169749399307E-6,6.916363027941233E-6,0.007299267317115741,1.1002167770075068E-5,0.09031779865645875,0.7922142975367711,0.012633825144871944,2.2024740631483407E-5,2
Fukata_and_Abreu_-_2007_-_TLR4_signalling_in_the_intestine_in_he.txt,0.13477356889968936,6.675430928057869E-5,5.7889593454864787E-5,4.3363812725291225E-5,0.003150002613454392,0.8165936472107664,0.0016269013302452702,1.0471581978949352E-4,6.957210316826717E-5,0.043513584307425954,8
Peregrn-lvarez_and_Parkinson_-_2007_-_The_global_landscape_of_se.txt,6.210777481610746E-4,0.06340831312296442,2.24264995518736E-5,1.6799194269856285E-5,0.03571216107996042,2.6723229103556684E-5,4.065936344745244E-5,0.8997765893198503,2.695231815270125E-5,3.4829812453840593E-4,0
Ramette_-_2007_-_Multivariate_analyses_in_microbial_ecology.txt,2.229724715559553E-5,1.8320864351404938E-5,1.5887923947901907E-5,0.15247301914417177,0.018407996115638457,1.8931917157093587E-5,2.880489096075888E-5,0.7706883625983888,0.05828848035197014,3.789894625819471E-5,9
Schaible_and_Kaufmann_-_2007_-_Malnutrition_and_Infection_Comple.txt,0.3418531399347922,4.1356839069722226E-5,3.586480971979781E-5,2.6865534879426962E-5,0.012323493933100053,0.21502491547912456,6.502309154391224E-5,6.487544180684202E-5,4.310256978884276E-5,0.43052136236617466,6
Ruby_-_2008_-_Symbiotic_conversations_are_revealed_under_genetic.txt,1.3442477761789267E-5,1.1045211541224486E-5,9.57844988039584E-6,7.175004729233739E-6,0.9995005597504942,1.1413600683365167E-5,1.736578078310421E-5,3.9505990905229786E-4,1.1511445555245561E-5,2.2848369519157442E-5,2
McGuire_et_al._-_2008_-_Ethical_legal_and_social_considerations_.txt,0.030311917833741864,6.168473980075335E-5,0.004272587889267544,0.004259165250124646,9.804998459339393E-5,6.37421008837491E-5,9.698353581048309E-5,0.11682504851697674,0.08022708681286543,0.7637837333359353,4
McCrea_et_al._-_2008_-_Relationships_of_Nontypeable_Haemophilus_.txt,2.7465570184381337E-5,0.03912620867158344,2.7683141449345866E-4,1.465991608512855E-5,0.26449997134104974,2.33201836879024E-5,0.6326397820040707,2.9266186171445505E-4,0.06305241541914407,4.668361798677572E-5,9
Cozzetto_and_Tramontano_-_2008_-_Advances_and_Pitfalls_in_Protei.txt,0.008364286812605096,0.0014183108385555406,2.6394956851247733E-5,1.9771877767323708E-5,0.0031710968761762947,0.0010723574978963614,0.02815230238182794,0.8549781199244135,3.172163685358631E-5,0.10276563719705309,8
Ziring_and_Braun_-_2008_-_Pediatric_Inflammatory_Bowel_Disease_R.txt,0.03995916849963636,2.0490773814969127E-4,1.776967777073924E-4,0.016484197624616777,3.257077947242805E-4,0.34825634863821436,3.221652069032959E-4,0.06572578926869502,0.0025494270270900515,0.5259945914242627,4
Davies_-_2008_-_Resistance_redux.txt,1.2298219153927014E-4,1.0105014458092144E-4,8.763107357994581E-5,6.564249698177227E-5,0.16603897452680486,0.004712152450741759,0.0059185406007869045,0.016285576831115325,1.0531561422353818E-4,0.8065621340696458,2
Sharma_et_al._-_2008_-_From_bacterial_genomics_to_metagenomics_c.txt,2.4329763865760982E-5,0.07340016830624592,1.7336195597249644E-5,1.2986160281714276E-5,0.08093228236553447,2.0657665529022282E-5,0.14428500915749728,0.6326505283339744,0.01506149223493278,0.053595209816541506,0
Mkinen_et_al._-_2008_-_1H_NMR_metabonomics_approach_to_the_disea.txt,0.003947291488020024,2.8600980880532373E-5,2.4802880494579307E-5,0.6899197333482179,4.546222848228508E-5,2.955490473899686E-5,6.970482406653444E-4,0.08677157026711783,2.9808268769143724E-5,0.21850612739261335,6
Sanz_et_al._-_2008_-_Insights_into_the_Roles_of_Gut_Microbes_in_.txt,0.5887924797553553,0.04294074331104458,0.08583613445018816,0.06757180237488614,6.363794035308636E-5,0.15293219093930455,6.294577702110891E-5,6.280284429972993E-5,0.03244545159591283,0.02929181101163451,4
2008_-_The_Runners-Up.txt,6.60201501484822E-5,5.42464371000252E-5,0.015506758597417413,3.523865896855536E-5,0.08109513775509072,5.605570968415638E-5,0.16581344292052108,0.17076035833431052,5.6536255997661514E-5,0.5665562051807614,0
Pierce_et_al._-_2008_-_The_Complete_Genome_Sequence_of_Moorella_.txt,0.026867053289851377,0.6344633028229948,0.08258366960318846,1.4566233066845863E-5,0.06649600866901134,2.317115792390055E-5,0.07646467591604952,0.11301779722155562,2.3369796288889847E-5,4.638529006921052E-5,9
Bacic_and_Smith_-_2008_-_Laboratory_Maintenance_and_Cultivation_.txt,3.337231788878334E-5,0.026284756135355043,0.018466431632945143,1.7812678802277637E-5,4.3586387520642826E-5,3.409227489410624E-4,0.8424659523771403,6.681890696276035E-4,2.8578334086672328E-5,0.11165039831769251,7
He_et_al._-_2008_-_The_role_of_colonic_metabolism_in_lactose_int.txt,0.7493218523697414,0.006703833241275649,0.10430671762019333,0.04495408624338952,0.007841711537589145,6.048718155351998E-4,0.033352403782691456,7.631702648397324E-5,0.017243259324243608,0.0355949470388567,7
Dorit_-_2008_-_Marginalia_All_Things_Small_and_Great.txt,1.1392689703723648E-4,9.360972733676184E-5,0.0918530763226898,6.0809178152606674E-5,0.14207510259944478,9.673187733098368E-5,0.022556594301744372,0.09298585594017586,0.03744658922252211,0.6127177039335656,5
Prentice_et_al._-_2008_-_New_challenges_in_studying_nutrition-di.txt,1.4301415579123244E-5,1.1750970558373763E-5,1.0190486811347402E-5,7.633468043118268E-6,1.8678565978029813E-5,1.2142898766100948E-5,1.8475407007262046E-5,1.843345438824446E-5,1.224699565953418E-5,0.999876146337209,3
Liu_et_al._-_2008_-_Accurate_taxonomy_assignments_from_16S_rRNA_.txt,5.51146980858378E-4,0.0015376290755112088,0.03539458149891634,2.8377310340232234E-5,6.943730693245049E-5,4.514105577822105E-5,6.868206630927444E-5,0.8172564451261995,0.14495819374706334,9.03658320909117E-5,9
McKenna_et_al._-_2008_-_The_Macaque_Gut_Microbiome_in_Health_Len.txt,0.0044771770717801146,3.244038506337219E-5,0.10061590357293523,0.013334160735460182,5.1565091559785786E-5,0.09951186956386059,0.04146949824102028,0.17127198416097272,0.5473496233302542,0.021885777847093547,4
Cassler_et_al._-_2008_-_Use_of_Real-Time_qPCR_to_Quantify_Member.txt,4.402347027868987E-5,3.617253832393294E-5,8.560751679545964E-4,2.349779654051196E-5,0.06685869998004472,3.737899510499766E-5,0.465191171019013,0.3117956879790048,0.15508246573884024,7.482731489445777E-5,2
Hord_-_2008_-_Eukaryotic-microbiota_crosstalk_Potential_mechanis.txt,0.45837482500621685,3.189702100248069E-4,2.230812288363556E-5,0.019077701335921723,0.04549402142721962,0.27655757199612546,4.04447459157928E-5,0.014409407521289093,0.008824190428426464,0.17688055920597656,6
Frank_-_2008_-_XplorSeq_A_software_environment_for_integrated_ma.txt,5.43010302863657E-5,4.461724817757962E-5,0.043271355217771645,2.898350705957048E-5,7.092062819008417E-5,4.6105359991415854E-5,0.001087388382776753,0.8494646624090606,0.09770145695831738,0.008230209258368593,4
Lebeer_et_al._-_2008_-_Genes_and_Molecules_of_Lactobacilli_Suppo.txt,0.3178659680103636,0.40473050650430353,7.105577357147799E-6,8.45964406708475E-4,0.0973406608439289,0.15216462840875286,0.020094880432742077,4.798764060654181E-4,0.005052390186915319,0.0014180192228625892,3
Li_et_al._-_2008_-_Symbiotic_gut_microbes_modulate_human_metabol.txt,6.065929334302049E-4,3.131842872882788E-4,0.12814928980305637,0.5715509284731111,0.004934901858513187,2.6099988255334865E-5,3.971110318799985E-5,3.2754764095165566E-4,0.26520682444285365,0.028844919469352238,0
Vakhlu_et_al._-_2008_-_Metagenomics_Future_of_microbial_gene_min.txt,3.431627927480768E-5,0.03859968786283882,0.002274455760289672,1.8316523966016048E-5,0.025437717754916562,2.9136913262734768E-5,0.2131518216678947,0.5930809111171965,0.05885091105185645,0.06852272506850374,0
Bushman_et_al._-_2008_-_Massively_Parallel_Pyrosequencing_in_HIV.txt,9.866092551046352E-5,8.106621505550566E-5,0.03149051169733596,5.2660872472511285E-5,0.08607237517498606,0.009325008463389232,0.10178107902785374,0.4206035164822032,0.052759547357099895,0.2977355737840934,0
Korzenik_-_2008_-_Diverticulitis_New_Frontiers_for_an_Old_Countr.txt,0.35184205620352293,1.8581045995134205E-4,1.6113554468870955E-4,0.12085628910017948,2.9535202376419886E-4,1.9200776596823088E-4,2.921396030016687E-4,2.914762335040517E-4,1.9365378248680274E-4,0.5256900792829325,4
Suzuki_et_al._-_2008_-_Using_Mahalanobis_distance_to_compare_gen.txt,5.169787002172693E-5,0.19567407845190163,3.6837364785078E-5,2.7594054345515894E-5,0.17197152579780028,4.389509546266611E-5,6.678633907081325E-5,0.6063309004318646,0.02570881299409926,8.787160064846282E-5,9
Walter_-_2008_-_Ecological_Role_of_Lactobacilli_in_the_Gastroint.txt,0.19180548561365893,0.22918476551532616,0.025420484404097488,1.6262249972476337E-5,0.11904304040194716,0.08421281897459358,0.010313021469519616,3.927041305794431E-5,0.3227902953357853,0.017174555622041336,7
Valdivia-Granda_-_2008_-_The_next_meta-challenge_for_Bioinformat.txt,7.978559270187621E-5,6.555701745991955E-5,5.685129738841207E-5,4.2586048130793474E-5,0.01729267838223837,6.774352998919285E-5,0.0015977215562843873,0.7877833088858054,0.008288898449864593,0.18472486924013698,0
de_Wit_et_al._-_2008_-_The_role_of_the_small_intestine_in_the_de.txt,0.598082529199851,3.393371096779942E-5,2.94274445127442E-5,0.06230188698298982,5.3938783698148644E-5,0.10138487298963914,0.21551840086853566,0.02248944789188356,3.536610094205194E-5,7.019602698008741E-5,9
Young_et_al._-_2008_-_The_Human_Microbiome_and_Infectious_Diseas.txt,0.06966420064438927,2.254455886728881E-4,1.95507280580359E-4,1.4645017516192637E-4,3.5835340422000675E-4,0.0028029583227380667,0.005494442711828927,3.5365087123558623E-4,0.38830397805817146,0.5324550129430015,4
Spiro_et_al._-_2008_-_Drug-therapy_networks_and_the_prediction_o.txt,0.01989275123539281,0.017500686515680854,6.027470116575479E-5,0.01589167941114972,9.028064483143556E-4,7.18228292683471E-5,0.01833278666719068,0.23859929116775,7.243854167346838E-5,0.688675462482414,4
Turnbaugh_et_al._-_2008_-_Diet-induced_obesity_is_linked_to_mark.txt,1.598919998760303E-5,1.31377636896691E-5,0.9998457457723695,8.534333294849771E-6,2.0882920662785596E-5,1.3575945382905158E-5,2.0655785845612445E-5,2.060888217990434E-5,1.3692327291953507E-5,2.717706929528404E-5,3
Bjerketorp_et_al._-_2008_-_Rapid_lab-on-a-chip_profiling_of_huma.txt,5.4859078296428204E-5,0.0010727690029119392,0.03703604603334062,2.9281368598365022E-5,7.164947468204099E-5,4.657918165300752E-5,0.498502084927316,0.11876927688367796,0.2898564683047281,0.05456098574479545,4
Tito_et_al._-_2008_-_Phylotyping_and_Functional_Analysis_of_Two_.txt,6.313121770943149E-5,5.187270284633554E-5,0.1342766609754871,0.03137413221863046,8.245341929510392E-5,5.3602804658397496E-5,0.3288604653443048,0.22774302584581663,0.17745275408733674,0.10004190138391496,4
Peitsaro_et_al._-_2008_-_Evolution_of_a_family_of_metazoan_activ.txt,0.03719233757806561,0.38864264150440353,4.707182733206932E-5,3.526046363853958E-5,0.12198422133117821,0.005625031881828864,0.026073735077902824,0.42023084427829865,5.657123900894104E-5,1.1228481834271996E-4,8
Sartor_-_2008_-_Therapeutic_correction_of_bacterial_dysbiosis_di.txt,0.09651899307263044,6.933983257954113E-5,0.09412339269477205,0.001625938518532716,1.1021801401923866E-4,0.5091198881099801,1.0901921865590329E-4,1.0877166569297975E-4,0.19610326432425676,0.10211117454888015,1
Gallo_and_Nizet_-_2008_-_Innate_barriers_against_infection_and_a.txt,0.17031924217362585,0.010377274500151258,3.7435578171115696E-5,2.804216274797214E-5,0.41835387459685247,0.26873137324569646,6.787090313422305E-5,6.771678679240441E-5,4.499032988917498E-5,0.131972179722939,6
Claus_et_al._-_2008_-_Systemic_multicompartmental_effects_of_the.txt,0.09131616993311296,0.007824449906618652,2.8226371589277317E-5,0.8137182537948818,0.009327810133245112,0.07461325998933317,4.2221747626035837E-4,5.105835892522848E-5,3.392264341614616E-5,0.0026646313926172276,7
Petri_et_al._-_2008_-_Enteric_infections_diarrhea_and_their_impa.txt,0.1854977455703254,2.219632781917742E-5,1.924874075533161E-5,0.004062893167846831,0.06303966407917268,0.2161102557278402,3.489806977975004E-5,3.481882576497172E-5,2.3133266236068568E-5,0.5311551462244596,6
Jones_et_al._-_2008_-_Functional_and_comparative_metagenomic_ana.txt,0.11678605199495543,0.18270936591484963,0.23817915056066893,0.011633967739030323,0.05057626317775149,0.01251505108034719,0.309353794795282,0.07816709801616432,2.655309483286664E-5,5.2703626117756085E-5,9
Fiehn_-_2008_-_Extending_the_breadth_of_metabolite_profiling_by_.txt,0.020802646032293756,4.3338757655396095E-5,0.01387085085558182,0.4402224808790847,0.0035272052537858815,0.0020209652736759664,0.19126365530496225,0.2238704878301306,4.51681479634899E-5,0.10433320166486613,8
Flannery_-_2008_-_Beguiling_Bacteria.txt,1.3773803545043576E-4,0.018175219163924772,0.0478335491106346,7.351851892672923E-5,0.18467077945982854,1.1694919369784519E-4,1.7793806852534644E-4,0.15241476759087016,1.1795175889977647E-4,0.5962815890992419,3
Banik_and_Brady_-_2008_-_Cloning_and_Characterization_of_New_Gly.txt,7.702266668782431E-5,0.19124635031830162,5.4882571918464526E-5,0.017355803862871,1.0059654259907354E-4,6.539761320205787E-5,0.6349715623206429,0.13140236157390248,7.874037670820755E-4,0.023938618762792487,8
Wen_et_al._-_2008_-_Innate_immunity_and_intestinal_microbiota_in.txt,3.391295666906997E-5,2.786508462472617E-5,0.15789686432891845,1.8101248058191912E-5,4.4292496441958745E-5,0.8411694556212803,4.3810745433853115E-5,3.613625702427857E-4,2.9041309290694203E-5,3.752936390399062E-4,4
Rabizadeh_and_Sears_-_2008_-_New_Horizons_for_the_Infectious_Dis.txt,0.2812227547306451,0.00855261637188035,0.05502847935095275,3.2302280578292584E-5,0.15199734633352074,0.38494888104376934,7.818173569020928E-5,7.800420625498462E-5,0.0011855438778046181,0.11687589006890349,6
Ley_et_al._-_2008_-_Evolution_of_mammals_and_their_gut_microbes.txt,3.140872408217937E-5,2.5807444719287124E-5,0.9514490075755796,1.676459859724836E-5,0.0482890016691431,2.6668196221012304E-5,4.0575630977687576E-5,4.0483494767257355E-5,2.6896813492188537E-5,5.3385852420363006E-5,9
Tennyson_and_Friedman_-_2008_-_Microecology_obesity_and_probioti.txt,0.4798516715824898,5.80516778718477E-5,0.10791835133942444,0.030478989084757536,9.227510952207695E-5,0.22241367451423347,9.127147164644781E-5,7.528311435330257E-4,0.11917854854004832,0.03916433553647299,4
Urich_et_al._-_2008_-_Simultaneous_Assessment_of_Soil_Microbial_.txt,3.894835958242669E-5,3.200249822948709E-5,0.009148158682641,2.078892516334807E-5,5.086905559603257E-5,3.306987234225238E-5,0.09453772186400117,0.8489775913708912,0.04709464829406761,6.620107748542411E-5,9
Fbin_et_al._-_2008_-_Salivary_Genomics_Transcriptomics_and_Prote.txt,0.11778038845668397,3.0112958469989637E-5,0.0013992189099436465,1.9561474094632152E-5,0.010002875633999913,0.055641863196408306,0.4723954087704879,0.03815089666451866,0.040194700541816654,0.2643849733935763,1
Srinivasan_and_Fredricks_-_2008_-_The_Human_Vaginal_Bacterial_Bi.txt,1.1356279078274873E-5,9.3310554023957E-6,1.1446238980354586E-4,6.061483421213767E-6,1.4832028819449275E-5,9.642272573938857E-6,1.4670707028852423E-5,1.4637393847580794E-5,0.969363751626293,0.03044125476373183,5
Hsiao_et_al._-_2008_-_The_Microbes_of_the_Intestine_An_Introduct.txt,0.15559567175838526,0.028926513214281916,0.22935633377560483,0.00135859581167761,0.25916086879433703,0.20358624833046327,0.010283035737346987,0.01606040203024331,0.010262371932942112,0.08540995861471763,4
Kussmann_and_Fay_-_2008_-_Nutrigenomics_and_personalized_nutriti.txt,0.2797360907267574,0.007898603160260486,0.006849699004253196,0.635418343044907,0.012555097430489846,0.008162043985405196,0.01241854087283614,0.01239034174770793,0.00823201438039177,0.01633922564699102,3
McGrath_et_al._-_2008_-_Isolation_and_analysis_of_mRNA_from_envi.txt,8.925762422614567E-5,7.33398528690352E-5,8.996468743583845E-4,8.836880750988927E-4,0.011821223992701545,7.578594504049872E-5,0.5728070046912517,0.3545986658123436,0.05525548959735424,0.0034958975347559617,2
Millar_et_al._-_2008_-_New_developments_in_ancient_genomics.txt,4.7915844999700675E-5,3.937076583474836E-5,3.41424793806286E-5,2.557537535641956E-5,0.06603789698993709,0.0022847422539122725,0.2877501824205924,0.6046110824819226,0.0031827143674603097,0.035986377020603755,0
Turnbaugh_and_Gordon_-_2008_-_An_invitation_to_the_marriage_of_m.txt,7.357255816384528E-5,0.07241905070318785,0.5017387086376855,0.03518487489447028,0.04626776775669636,6.246823056109082E-5,9.504534352716382E-5,0.2847053178116433,0.001441262772407045,0.05801193129165743,6
Schloss_and_Handelsman_-_2008_-_A_statistical_toolbox_for_metage.txt,4.647655868015132E-5,0.004391491748386346,0.04226016177189698,2.480714747964802E-5,0.005719996038041872,3.946183816052888E-5,0.02313255018874609,0.8406828287178462,0.08362322912682672,7.899686393541449E-5,9
Czarnecki-Maulden_-_2008_-_Effect_of_dietary_modulation_of_intes.txt,0.7504908527524344,8.167000061608701E-5,7.082453828189544E-5,5.3053093502995414E-5,1.2981723401955578E-4,0.04197969859778614,0.0327136422324001,1.28113692717215E-4,0.036394381455094195,0.1379579464031474,1
Turroni_et_al._-_2008_-_Human_gut_microbiota_and_bifidobacteria_.txt,0.0729315459795108,0.2313987903580535,0.17561250404253098,1.8061088160361493E-5,0.06755381101065876,0.04661987455690162,6.776066611096609E-4,0.05455842220264037,0.3416973660406215,0.008932018059812414,6
Domnguez-Bello_et_al._-_2008_-_Amerindian_Helicobacter_pylori_St.txt,7.533571778103577E-4,0.048388421304307795,5.178187439901405E-5,3.87886556113774E-5,0.15869476426501888,6.170284799799898E-5,9.388081480615862E-5,0.25126682241430254,0.12871189644729963,0.41193858419844626,6
Oakley_et_al._-_2008_-_Diversity_of_human_vaginal_bacterial_comm.txt,5.7768104912019156E-5,0.010328261353842844,4.116271623361594E-5,3.08340793481393E-5,0.016849378076391638,4.90491480353969E-5,0.0011568172066917612,0.18188220779824718,0.7786844424281079,0.010920079088189557,0
Lanzoni_et_al._-_2008_-_Inflammatory_bowel_disease_Moving_toward.txt,0.1597170871468966,3.1406699186707586E-5,2.7236010188284483E-5,2.0401892200361293E-5,4.992201282412522E-5,0.6766984918019252,0.015086402089697104,4.9266905577509016E-5,3.27324204166106E-5,0.1482870530210874,4
Kunin_et_al._-_2008_-_Millimeter-scale_genetic_gradients_and_com.txt,7.855279894525501E-5,0.13986231828971868,0.03978797185664522,0.09716459222878672,1.025949934634238E-4,6.669680215282505E-5,0.036890367061978596,0.6858461200943681,6.726857089106262E-5,1.3351730305011638E-4,0
Qu_et_al._-_2008_-_Comparative_Metagenomics_Reveals_Host_Specifi.txt,2.0566249844813894E-5,0.015042598160378385,0.011572884958440074,1.0977361652670564E-5,2.6860841328726152E-5,1.746217977390071E-5,2.656868716203482E-5,0.1988280722382302,0.7744190525775353,3.4956745653940755E-5,9
Britton_and_Versalovic_-_2008_-_Probiotics_and_Gastrointestinal_.txt,0.9991696615552372,1.2141308487877268E-5,1.0528989363354868E-5,7.887032810052236E-6,1.9299021346694082E-5,1.2546255573011921E-5,1.9089113941691402E-5,7.110771329658542E-4,1.265381030557841E-5,2.5115779968696606E-5,3
Bougnres_and_Valleron_-_2008_-_Causes_of_early-onset_type_1_diab.txt,0.10759527215356905,7.090923345687931E-5,6.149275966232054E-5,0.20940564126762198,0.003346065192111911,0.09222382228045894,1.1148670164569896E-4,0.025978054043352402,7.390241257548343E-5,0.5611333539555453,8
Pop_and_Salzberg_-_2008_-_Bioinformatics_challenges_of_new_seque.txt,4.698794060689352E-5,3.860833940636182E-5,0.0013538422080253873,2.5080100711026958E-5,0.021187143788397273,3.989603706432891E-5,0.01458467176164908,0.8864628533568384,4.02380520640988E-5,0.07622067841523711,0
Camilleri_-_2008_-_Asimadoline_a_-Opioid_Agonist_and_Visceral_Se.txt,0.8349612827388214,4.731241861275136E-5,4.1029511178769706E-5,0.07122407319238416,6.145481694138131E-4,0.010296416474930561,0.021108782305185293,7.421781087471093E-5,0.001667339972183644,0.05996499740641489,7
Are_et_al._-_2008_-_Enterococcus_faecalis_from_newborn_babies_re.txt,0.4925307718773481,2.855443141175995E-5,2.4762512616433057E-5,1.854904993492275E-5,4.5388236523970765E-5,0.23179233972375915,0.27542601345974954,4.479262426845662E-5,2.975975438140209E-5,5.9068330006199184E-5,9
Raloff_and_R._-_2008_-_Nurturing_Our_Microbes_Stewardship_of_the.txt,0.3373871837240522,9.513248702130876E-5,0.0705733070774097,0.05536997065662204,0.006658060111139831,0.021787784754355673,0.03702168645496416,1.4923195932083414E-4,9.914816396169224E-5,0.47085849461115264,8
Ehrlich_et_al._-_2008_-_What_makes_pathogens_pathogenic.txt,6.014377799965932E-5,0.09638169096029564,4.285550427503262E-5,5.954487347213716E-4,0.5831423088494068,0.03723194353196377,0.0012043905087663616,0.09302971400846213,0.025965448798814985,0.16234605532529423,0
Brennan_-_2008_-_Metabolomic_applications_in_nutritional_researc.txt,0.006387773201825848,6.912128557046127E-5,5.994224438654736E-5,0.7974565945179243,1.0987062614109525E-4,7.142667655368733E-5,1.0867560917080481E-4,0.01113981589528316,7.203899287787972E-5,0.18452474095026622,8
Honey_-_2008_-_Good_bugs_bad_bugs_learning_what_we_can_from_the_.txt,3.894900746501837E-4,0.08058093811601215,2.775315105637074E-4,2.0789270974644295E-4,0.06982493758115797,3.307042243973606E-4,5.031661106999433E-4,0.11724516219061398,3.3353923793639427E-4,0.7303066382442218,6
