0	0	0.15819685352013393	1.0151318415545306E-4	1.164773164801535E-4	8.736401283383024E-5	0.3755974088535135	0.01990076720272462	0.05281452545052436	1.721870814532527E-4	0.3928736408784801	1.3926249970074326E-4
1	1	6.311152283634601E-5	0.042151599839497886	0.3064659095305328	5.581649569722839E-5	9.148816940437441E-4	8.849235457858074E-5	0.06741237016061116	9.517444629284584E-4	0.5818070997213642	8.897421790957143E-5
2	2	3.459950708371925E-5	0.24276491848773268	0.4702712542709105	3.0600168582090445E-5	0.00234741447172141	4.8513990971761336E-5	0.002347652259566546	6.031034460550051E-5	0.28204595833685986	4.8778161965974696E-5
3	3	3.4776033335411126E-5	3.573747193737095E-5	4.1005558673790794E-5	3.075629025884918E-5	0.03807330325765282	4.8761508745934726E-5	4.0544737263322756E-5	6.061804722813308E-5	0.961585470067367	4.902702753725113E-5
4	4	3.0918439104923264E-5	3.177322839561411E-5	0.11962297416711745	4.3971189405282235E-4	3.58347497287041E-5	0.16334080365631626	3.6047239143421356E-5	0.11345490159341308	0.6029634464166603	4.3588616067444736E-5
5	5	9.088206900462547E-6	0.9998853953059341	1.0716202095337727E-5	8.03770593003423E-6	1.0533313750269455E-5	1.2743106034767948E-5	1.0595773169988385E-5	1.5841638688283443E-5	2.423625201516921E-5	1.2812495481464477E-5
6	6	3.2883771768183183E-4	0.09057051365711384	0.09393890832920088	0.006138321469692611	0.030616766567613724	0.12881683300994903	0.002473955215462302	3.997949680642908E-5	0.5408956123279314	0.10618027220854802
7	7	0.023382584851489464	2.3075853523958683E-5	0.45584849749157064	1.9859481112635538E-5	0.012904045879464273	0.010813083906072222	2.617992732937152E-5	3.3863020151087204E-4	0.04228780963439189	0.4543562327735347
8	8	3.6592038523459025E-5	0.07275520289883024	4.314686980528722E-5	0.001496475120259124	4.241050261629978E-5	0.8067774253054947	4.266198429112737E-5	0.01665706119622593	0.005954033874576412	0.09619499020937747
9	9	0.01924777399239362	0.12015574392709455	0.08384108875303983	0.003094088302570665	0.29069661671276603	1.0608327013430473E-4	0.0010972660270614626	1.318778037123842E-4	0.17275081277353727	0.30887864843768986
10	10	6.0561366759972E-4	0.00229690085527636	4.980720343273038E-5	3.7357979144855E-5	4.895716748461646E-5	0.802302560745816	6.126205959131816E-4	0.03950974830614334	0.07335115275273561	0.0811852807264536
11	11	1.5669291238730342E-5	1.6102493649050266E-5	1.847617395202491E-5	2.228435176066277E-4	1.8160849843052622E-5	2.1970829001993627E-5	0.9995955867041298	2.7313116110155654E-5	4.178655872608085E-5	2.2090465742341927E-5
12	12	2.6710833515398683E-5	0.6127763582210013	0.128993765984286	2.3623342568482916E-5	3.09580969084878E-5	3.7452820725993284E-5	0.047056057935491585	4.6559610520343874E-5	0.21097085639414162	3.765676084077459E-5
13	13	2.9597225769783695E-4	0.2659887265554534	2.43415088500679E-5	1.8257390845147687E-5	2.992547714896562E-4	2.8945556043368174E-5	0.7332243631462658	3.598377343949081E-5	5.5051867972551965E-5	2.9103171942717418E-5
14	14	0.6532646429124476	3.5841687707956037E-4	0.08954621974995107	0.05493014077009397	0.07856410285379732	3.4985066025373595E-5	2.9089754329167054E-5	0.012688987633875576	0.1102154626079794	3.679517744210715E-4
15	15	0.7344796629738072	0.008888329860389357	0.07349782607617523	1.1769788745790082E-5	0.10296140914253307	0.009248300041870187	3.705017777091968E-4	2.3197258318635347E-5	0.05772073987903925	0.012798263201412018
16	16	0.02963465475628518	5.0657234171026536E-5	0.05133941591740315	0.023711884772730788	5.7132667976467604E-5	0.7436478418965347	0.02438321217526947	0.1269742482639713	1.314573715551988E-4	6.949494410282573E-5
17	17	0.03180073910095709	0.5393426897838695	3.511045170326081E-5	4.234716875164925E-4	3.451123825529845E-5	4.175137842705558E-5	0.2641308424552951	5.190337818539943E-5	7.940740089409801E-5	0.1640595731248967
18	18	0.09098597128481252	0.006912120769872246	0.8650064301253229	1.4748870693728764E-5	0.0042452856713098884	2.3383092735574455E-5	0.013586990455548	2.9068776915214715E-5	0.019172490533179456	2.351041961039981E-5
19	19	0.1601147293697984	4.6192897967424994E-5	5.3002226661000426E-5	0.6882798537042417	5.209766276488082E-5	6.30272729471744E-5	0.12415144888043193	7.835258396287373E-5	0.02709792492877934	6.337047244537077E-5
20	20	0.017490725171608996	2.1710427076946687E-5	2.4910776926161203E-5	1.8684371350954408E-5	2.4485636496197437E-5	2.9622497686622683E-5	5.881662747246442E-4	3.6825315909296214E-5	0.9817350857285151	2.978379970503451E-5
21	21	1.932907349268637E-5	0.10004506201826378	2.2791542944815706E-5	7.904855467650774E-4	2.2402570477364455E-5	2.7102423587934455E-5	0.7357748980285675	3.369247661327231E-5	3.0934329781188616E-4	0.1629548930214757
22	22	2.5407434449028177E-5	0.41411986298266334	0.10236736744593389	7.002017862038992E-4	0.031882813070205566	0.11863858236147537	2.9622060237157424E-5	0.07290038988413093	0.25929993373745863	3.581923724219024E-5
23	23	0.1281352987467444	0.009152694716575694	0.6970563691750898	0.001993671205178679	0.10408618579596779	0.026075775753692798	7.070217358553507E-4	8.49752670746802E-5	0.03263928079803673	6.872680578403916E-5
24	24	0.14587657647800345	0.007815107878468031	1.603928651905126E-5	1.2030294615644186E-5	7.414519887508199E-4	1.907301924841618E-5	0.06296915745830395	0.1373598689215808	0.5267032069351767	0.11848748773933308
25	25	0.07990429495960594	2.9875968060335437E-5	3.428000624614155E-5	0.1853672480369216	0.003523389162960774	4.076385930208815E-5	0.04539991933221188	0.31257217830226974	0.33625140357160166	0.03687664680081984
26	26	1.1869185410749982E-5	0.8961622367282324	1.3995344842133536E-5	1.049723262306071E-5	1.3756492921082966E-5	1.6642478532020417E-5	6.470477729436239E-4	6.538988659214185E-4	0.10245332279752183	1.673310105166712E-5
27	27	0.03230329075483568	0.004703585888055145	0.0021606625065699043	0.5346302588381782	0.011926382687947818	0.0017431386913072642	4.617430823110768E-4	0.1040884702773252	0.30793758304215024	4.4884231319600416E-5
28	28	2.9741071546918494E-5	3.05633106439733E-5	3.50686705000583E-5	8.1963220106101E-4	4.3113461213854543E-4	0.8512835942833177	0.136883907067099	5.184161351175783E-5	7.931290661699273E-5	0.010355204263564205
29	29	0.5899939389706694	5.611764754910561E-5	0.013902473064712819	0.09181663620895489	0.2069062170242555	7.656896286795096E-5	6.36663746025908E-5	9.518698511816619E-5	0.09701220886096483	7.698590030479236E-5
30	30	6.424718382981165E-5	6.602339913319106E-5	7.5755956429814E-5	5.6820886244413524E-5	7.446306540580647E-5	0.247728831690501	0.07119606723077211	0.37542607624885493	0.3052211390733743	9.057526545466124E-5
31	31	0.06371373549832901	0.08892562571949701	0.07813523118403415	0.008482737138489781	1.0431899677436884E-4	0.24141619313682236	1.0493757741847253E-4	0.04697435171132521	0.0038413721882925786	0.46830149684901695
32	32	3.348689456500552E-5	0.02772506735762718	3.948549297283293E-5	2.9616162348799195E-5	3.881161276790957E-5	4.695393193515889E-5	3.904175409563537E-5	0.9308216664568747	0.03269281494444313	0.008533055392369697
33	33	4.110580328114604E-5	4.224223841329258E-5	4.846919750798569E-5	3.635440548507676E-5	4.764199667319746E-5	0.7538860398761511	0.07789783957579938	0.013229383584503332	0.1020820441235461	0.05268887919863937
34	34	4.235986266422183E-5	4.353096825715411E-5	4.9947899955650104E-5	3.74635088153993E-5	0.0023089536876877465	5.939523906755616E-5	0.0028742093654098104	0.9011923045791617	0.0328809087121914	0.06051092617678942
35	35	5.488775586427093E-5	7.884575560776899E-4	6.471994870309892E-5	4.854330954702055E-5	6.36154039953836E-5	0.00812953708284645	0.005188359012424623	0.6530863630565109	0.3324981364697659	7.738040426466353E-5
36	36	5.586933858692527E-5	5.741393506995019E-5	6.587736500583741E-5	0.3733665385898319	0.12450379545328355	0.04255154374865465	0.07905039747032598	9.738575335497664E-5	0.018032446450199528	0.36221873189568676
37	37	2.65857868086041E-4	0.4789583477515456	3.1348171033613394E-4	2.351274994358538E-4	3.081316664770796E-4	3.727748543032558E-4	3.099587956732162E-4	4.6341641808815245E-4	0.3907487281091214	0.12802417532693328
38	38	2.6024757078559834E-5	0.11109841943870408	0.2461238669763645	2.301656933970049E-5	3.0162928131517873E-5	3.649083285772102E-5	0.48735731666362686	4.5363711797528395E-5	0.0913564353554816	0.06390290276661795
39	39	6.640957908277261E-5	6.824557723282806E-5	7.830570741969841E-5	0.020430337211967926	7.696930100332262E-5	0.04615065596025749	7.742570608066271E-5	0.7742367058914945	0.08786356864101791	0.07095137642444292
40	40	0.48945888218615785	0.06850380938459014	0.06244225126002263	0.062408669350089846	1.3206246036017022E-4	1.5976794914505775E-4	1.3284555149713928E-4	1.9861610798957292E-4	0.3164024578239685	1.6063792617897457E-4
41	41	4.413002767064624E-5	4.535007228294856E-5	5.203515942924036E-5	0.9382255218818638	5.1147100011480986E-5	6.187729087634079E-5	5.14503871120804E-5	0.06070001505014458	1.176850927555069E-4	6.507879378534126E-4
42	42	0.1252531656822291	3.4092932109894035E-5	0.03632194253797587	0.1801160402922544	0.07924120080196823	4.651763868928705E-5	0.0013660993684728388	0.049172382932426664	0.5089329545157444	0.019515603298129396
43	43	0.09398222928938486	0.045863869632569984	1.0376357958077834E-4	0.4449017397107633	1.0199269571921467E-4	1.2338982462081576E-4	0.002449953216434082	0.07409509814182147	0.3382539021955719	1.2406171353353924E-4
44	44	3.7963066343653196E-5	3.901261552827466E-5	4.4763493564016045E-5	3.3574935827785145E-5	0.005107232885116471	0.8466258461689562	5.505837752842506E-4	0.0051294067081821895	0.0021265325007307715	0.14030508385046636
45	45	1.619035776968008E-5	1.663796589074374E-5	0.9099693146805024	1.4318922982278298E-5	0.05378658769445014	2.2701446837589257E-5	0.03392067603629393	2.8221386334003982E-5	0.0022025264469617343	2.2825061977491033E-5
46	46	3.300051403833101E-5	0.25531307020297916	3.891198578091198E-5	2.918600228682856E-5	0.08190363283258228	0.13384776131241705	3.8474691990713406E-5	0.20075975718699057	0.01725332777250989	0.3107828774984243
47	47	4.0857799376216894E-4	0.7301636607257707	3.360249007276301E-5	2.5203605840848198E-5	3.302901229165114E-5	3.995819509747323E-5	0.2660894782024558	4.9674175796939986E-5	7.599692600935777E-5	0.0030808186729023236
48	48	0.002800412574491774	0.013280294319927926	0.037345720156631214	5.147581048927162E-6	0.002413200254406948	6.291815501449285E-4	6.785841836382137E-6	0.10791245624145392	0.06770675542405687	0.7679000460560012
49	49	2.368205241719025E-5	0.05245605442995281	0.2369182148685024	0.005706311630712606	0.0025542774785510943	0.6241601582528391	0.07804347950196704	4.128014710701882E-5	6.315483317069486E-5	3.3386804780116966E-5
50	50	5.574472505033836E-5	5.7285876394487144E-5	6.573042910786482E-5	0.10116284820193827	6.46086390097297E-5	0.6439335429700985	6.499174903541124E-5	8.40650502788606E-4	1.4865894005643233E-4	0.25360593796652037
51	51	0.07892852031750064	2.526068878817044E-4	2.8984385298964536E-4	2.1739788361889992E-4	0.19371322417090894	3.446660411322096E-4	2.8658658111066113E-4	0.0037069190640165455	0.7219136923656346	3.4654283520611865E-4
52	52	5.035377885559297E-5	0.017512865022337256	0.002074118303465816	4.453341251359859E-5	5.8360483757324045E-5	0.002756929996668228	5.8706544079499976E-5	0.5373529756946366	0.08609671512713625	0.3539944416365498
53	53	0.02433936633180881	0.007828542276576459	0.022842357848704014	0.9069486240541543	0.014736285766733137	3.156115298362458E-5	2.6242802742547995E-5	3.923536230398512E-5	6.002650025146434E-5	0.02314775790374167
54	54	0.09217578655931283	4.328641535275276E-5	4.966729732970473E-5	0.8854192988992624	4.881964909277987E-5	5.9061562174917874E-5	4.910913510122036E-5	7.342259616987287E-5	0.022022164718832223	5.938316737141931E-5
55	55	0.020906412687639257	0.0022260075517215386	0.41248319072147777	2.4289636472551167E-5	0.08281503049480056	3.850917361371644E-5	0.027138023303789133	4.14170161177704E-4	0.28285478882169746	0.17109957744761034
56	56	6.305844434489484E-5	0.007634044329410636	7.435427481114093E-5	5.5769552520189514E-5	7.308530562336522E-5	8.841793012366506E-5	7.351867976254333E-5	0.24905389375724643	0.7427949583379626	8.889938819460902E-5
57	57	0.05372303520079942	4.055256892344842E-5	4.653045260945059E-5	0.7563417166952855	4.5736339415493335E-5	5.533140250368588E-5	0.01057219844626344	0.021121167242485066	0.15799809895568054	5.563269603402286E-5
58	58	1.0787838847512608E-4	1.1086085763705867E-4	1.2720293730988518E-4	0.7468337784891792	1.2503202503280622E-4	1.512625931885919E-4	1.2577342777794252E-4	1.880426437485979E-4	0.25207808238125007	1.5208625640057504E-4
59	59	6.248041946331441E-5	0.0033974785073158506	7.367270676202066E-5	8.885760206133469E-4	7.241536957329145E-5	0.033420314623180264	7.284477119081793E-5	0.9584242408140208	0.001833256916660131	0.001754719851220267
60	60	8.20145776832287E-6	0.9982558026699195	9.670607181847092E-6	7.253455655374547E-6	9.505563509885845E-6	1.1499743252554081E-5	9.561928676157827E-6	1.429594771619623E-5	1.3125647196063846E-4	0.0015429521543594274
61	61	1.626339385789078E-4	1.6713021177460047E-4	1.9176699787541338E-4	0.3602129963038611	1.8849420135962132E-4	2.2803855005297917E-4	1.8961191594749294E-4	2.83486954207481E-4	0.6381465606485057	2.2928027783665158E-4
62	62	3.809809602889318E-5	3.9151378323341986E-5	4.4922711483650764E-5	0.0010499428796683973	4.415603684592638E-5	5.341956699888163E-5	0.01223940013499275	0.8415201850814399	0.14440888940303645	5.618347111818523E-4
63	63	0.13255801849364812	9.032679828683337E-5	0.23925324224765201	7.773681448791204E-5	0.5803913444706976	1.2324517448728426E-4	0.020031610566053196	1.5321268762695024E-4	0.02719734647131668	1.239162757433169E-4
64	64	0.0064322762797366356	0.05232484229101262	0.5368044297842204	8.87223108252999E-6	0.02449643402123435	0.03239288208567139	1.1695892942653093E-5	1.7486417193145486E-5	0.03655326808106367	0.31095781291584257
65	65	1.0298844810406566E-4	1.0583572710820553E-4	1.2143704863411492E-4	9.108406852059459E-5	0.05643630203689671	0.21304990153692924	1.2007233629158034E-4	0.019409692776041227	0.004395399098784571	0.7061672869226896
66	66	2.632630559894403E-5	2.7054138074997083E-5	0.3490451336716819	2.328326202804166E-5	0.03584483569446921	0.21351836999951526	0.3627384966567348	0.024273225669484182	7.020647572315875E-5	0.014433068126689515
67	67	9.131373274358191E-6	9.383824572359812E-6	1.0767100979072986E-5	8.075882725879562E-6	1.0583343966865988E-5	0.0410551949143279	1.0646100050898838E-5	0.8055185161117597	0.023894703566989993	0.12947299778135282
68	68	0.168114972050583	5.8592756114650875E-5	0.8122206081726009	5.04259455533478E-5	6.608257508932715E-5	7.994609117119188E-5	0.008431350043444181	9.93852744706955E-5	0.010798255673043905	8.038141792879586E-5
69	69	2.2261701297662645E-5	0.04010574427767622	2.624950033649139E-5	1.9688483162037928E-5	2.5801512548215302E-5	3.1214432424069056E-5	2.5954507848634506E-5	0.8833464315286973	0.0440020658332221	0.03239458822278727
70	70	1.5636612995612316E-5	1.6068911964068277E-5	1.8437641966429875E-5	0.16080556545552405	1.8122975464603752E-5	0.051325124908385936	1.823043932241114E-5	0.7539340351650519	0.03382673349315905	2.20443961659252E-5
71	71	0.35052766947587	3.639583120272478E-5	0.18662456400491992	3.132288569949228E-5	0.3883222231817296	4.965979811379424E-5	4.129165644902857E-5	5.340962856059965E-4	0.0737828466720908	4.993020831871413E-5
72	72	1.443500279095881E-4	1.0346523682339521E-5	1.1871712265194731E-5	8.904398332981284E-6	1.1669103375404123E-5	1.4117173870344397E-5	0.0010859931364217252	1.754981612359662E-5	0.9481910266421629	0.05050417146585583
73	73	7.470195082725894E-4	7.484599883471011E-4	6.143677827519405E-5	4.6080761884806796E-5	0.13973853375624923	0.12029355055055443	6.0746350349443525E-5	0.08417567503781334	0.6540550422851318	7.345498312215723E-5
74	74	1.8749059553104604E-5	1.9267407043485083E-5	0.02852907371930214	1.658186579630839E-5	2.173032909113087E-5	0.19607419629582576	0.05253469145411233	2.827425613077848E-4	4.999962449725168E-5	0.7224529676834708
75	75	0.022330001536521284	2.6039272766066782E-5	0.0020575743584981205	0.003063954777668333	2.936783165598205E-5	0.0010493772412543969	2.9541974168692156E-5	0.868912168559418	0.10212830261527013	3.736718327790355E-4
76	76	0.009542770017977771	0.004864030795325501	0.3842617022046359	0.023573254951595905	0.15242029087060333	2.4619522783300767E-4	2.0470902325813247E-4	0.05885097716955715	0.36578853391587773	2.475358233355522E-4
77	77	8.29380997752306E-5	8.523105509673087E-5	9.779502693203659E-5	7.33513292215226E-5	0.10296966695009183	1.162923568238897E-4	9.669600417255923E-5	1.4456926702066338E-4	0.8818363619225426	0.0144970979883229
78	78	1.7526301242732817E-5	1.8010843640131013E-5	2.066583520356856E-5	1.550044546445242E-5	2.031314118322355E-5	0.05869654225536463	2.0433592072758706E-5	0.5937628118777204	0.11622190970991571	0.23120628599819232
79	79	0.06413451423481631	2.4822885159384097E-5	2.8482044718767425E-5	0.738418062422014	0.01710261422260457	3.560318577113074E-4	3.503245716656906E-4	0.08122708210273959	0.09832401198302242	3.405367554806048E-5
80	80	0.4083955694624831	0.08227217866872188	0.16592324654590146	0.08085737244349851	0.2622561035109839	4.940310074877878E-5	4.107821499718657E-5	6.141564466368896E-5	9.396029483011368E-5	4.967211317139362E-5
81	81	0.035028681219592524	4.492698679065132E-5	5.1549706596739294E-5	0.0012048303764998576	5.0669932172521E-5	6.130001761624325E-5	0.05194533201772434	0.15750853836871131	0.7540425375625252	6.163381177076675E-5
82	82	0.019250141365149822	0.08006113462802135	2.297515357171782E-5	1.7232553703628483E-5	2.8245678500841975E-4	2.732076303944049E-5	2.271695826803072E-5	0.11411853466848766	0.033575673793947935	0.752621813330802
83	83	2.3077067279305194E-5	2.3715069408195363E-5	2.7210925041787248E-5	2.0409601426352853E-5	2.6746529073477318E-5	0.010497043486177698	0.7802615655985538	4.0225598495711495E-5	0.17734563000360878	0.031734376120934986
84	84	0.1462566978084979	0.08031837170295936	0.003491015030978444	0.13191705135730708	0.5952256206638188	6.028070710393425E-5	0.002343671179026743	7.493818062953575E-5	0.012155777298542602	0.02815657607113567
85	85	7.761507472980917E-5	0.051838387421060964	9.151847394748942E-5	6.864358979152271E-5	8.995657150345917E-5	0.0756764234018567	0.036321528575370805	1.3529071070897134E-4	0.8345560424181002	0.0011445937629300231
86	86	1.0407784173065957E-5	1.0695523874956077E-5	1.2272158830093951E-5	9.204753972107635E-6	0.9994536882685078	1.459336244838451E-5	1.213424402721172E-5	1.5695312857140167E-4	3.0537794858406765E-4	1.4672827010868137E-5
87	87	5.440109557916369E-4	0.023824146633952492	4.4740840232583734E-5	3.355794465733421E-5	4.397726950535182E-5	0.18982836628601235	0.0035867077507906156	0.7799155429851001	0.0021254563325922918	5.349300136531599E-5
88	88	2.8346795009341788E-5	0.04577543248412442	0.09492864613133635	2.5070204149121547E-5	0.03179061756085347	0.6049495251707327	0.0329250182110775	0.16337505143999576	0.026162328873916084	3.99631288051669E-5
89	89	4.5242748869038995E-4	3.242847815179112E-5	3.7208783707067036E-5	2.7908512623308112E-5	3.6573759020741885E-5	0.5362344457319421	0.04717439055448594	0.27825101915518186	0.1158237957547752	0.02192980178142162
90	90	0.1815678963837831	2.3006950274625945E-5	0.3305706053005973	9.155839402569925E-4	0.3234038847034028	9.271752796539735E-4	2.6101755483705413E-5	0.03288442896149474	0.12755959216595877	0.002121724559094004
91	91	3.8059418201391576E-5	0.026942357085108663	4.4877105191820556E-5	3.366015042586766E-5	4.411120889507587E-5	0.1132500396029483	4.437277525263514E-5	0.8467571605014347	0.012791706230193819	5.365592234785918E-5
92	92	0.046565165022848416	8.642322492127075E-4	0.23879682242463204	0.002672212798039538	0.1194024762918001	1.0009586442551657E-5	8.322877262521318E-6	1.076541416291818E-4	3.998800924804735E-4	0.5911732245156525
93	93	2.209116494247971E-5	0.10314517551142095	2.6048415340654687E-5	0.5604165227717299	3.20239498235276E-4	0.24546246248425052	0.05777434089931335	3.8507073733568515E-5	0.03246883256029537	3.257796207378957E-4
94	94	2.4794098176247534E-5	0.0020095917641094955	3.5992089797545166E-4	2.192816164109698E-5	2.873658336630815E-5	0.16802293099258034	2.8906982764286617E-5	0.5764278108400444	0.10489338131874704	0.1481819983605954
95	95	0.026771983807493217	7.09476940925065E-5	0.04796254855623146	6.105882017981645E-5	8.00168251704814E-5	0.12716598924771277	0.0010012825013707022	0.38224868985851224	0.4145401519502838	9.733073895303836E-5
96	96	0.16935175784547055	1.6713021177460047E-4	0.09129360294774015	1.438351686815118E-4	0.6205486151932956	2.2803855005297917E-4	1.8961191594749294E-4	2.83486954207481E-4	0.11756464093499298	2.2928027783665158E-4
97	97	3.583991581691981E-5	0.006728919269164915	0.004822323233048615	3.1697199133849226E-5	4.1538785617176864E-5	0.03398870207225956	4.1785098269300365E-5	0.5067491733668386	0.04550617773443799	0.40205384332541316
98	98	2.1483503585312892E-5	0.05131114445097738	0.12638554725290263	0.0023112490414590294	0.24730123936546852	0.22323785061921805	2.504722145740565E-5	3.744786020877753E-5	0.07312272243134839	0.2762462682533745
99	99	5.7718714930576435E-5	5.9314440356031E-5	6.805802515871024E-5	5.104703957035109E-5	6.689651108132021E-5	0.020865789494406914	6.729318750836136E-5	0.7591328571393651	0.21954965397552226	8.137147210043255E-5
100	100	0.7740791102923587	2.9657477503018507E-5	3.402930783682402E-5	2.552374124355115E-5	3.3448545759109646E-5	4.0465742825349544E-5	0.16169506174769566	0.050473270247323475	7.696223655523056E-5	0.013512470660899183
101	101	1.9575326137242518E-4	2.0116517077933667E-4	2.3081907494663345E-4	1.731262466831167E-4	0.5171677337513032	0.17258809507351658	2.282251248793754E-4	3.412171919806582E-4	0.3085978934190032	2.759716855355133E-4
102	102	0.11677629773523776	6.0764531020811405E-5	8.583513878592609E-4	5.2295012831184804E-5	6.853196453318E-5	8.290933997811738E-5	6.893833871308432E-5	0.22565110979918704	0.6499884049833343	0.006392396907305337
103	103	1.1884235837761822E-5	0.9995331303241006	1.725162497975815E-4	1.0510543379271208E-5	1.3773936501706463E-5	1.6663581615321774E-5	1.3855611851130091E-5	2.0715392187934283E-5	3.169264717741425E-5	1.752574775511665E-4
104	104	3.856843743949409E-5	3.9634723068276356E-5	0.003646258597998809	0.09365442391321628	0.019077402279365076	0.6327627917217208	0.061258248188100356	0.14461287757082	0.04331222905178236	0.0015975655164885635
105	105	0.005463488713583526	0.06988288710881761	5.3225592435529236E-5	0.04218263718825474	0.015705325734369537	0.3522559845399187	0.0728993209291921	0.32517962892419233	0.11330366979066157	0.0030738314785744006
106	106	0.07187592609441235	0.04751778865967144	6.798211019699663E-4	0.006287426310611011	5.427785905409648E-5	6.566485435306124E-5	5.459971062526211E-5	0.3917063485264295	0.0763261893020117	0.40543195758086165
107	107	5.9694718273522936E-5	6.134507344565352E-5	0.48811895356716495	5.2794637744701656E-5	0.13780556819136505	0.1274699502158409	0.2166262198699067	1.040537664739886E-4	0.029617262730913824	8.415722887073366E-5
108	108	0.16129383926285687	3.969598158878582E-5	0.6244586977308548	3.416305255151313E-5	0.05413996890625573	5.416264353595571E-5	4.503573019231924E-5	6.73324876178452E-5	0.11705168007946884	0.04281542412507724
109	109	0.1072880794001811	2.8400351968705245E-5	0.05827021576688361	0.8197743574698935	0.007403882483151359	3.875047494508147E-5	3.222065653594621E-5	4.8172794089956706E-5	0.007076959121234329	3.896148111644431E-5
110	110	0.048520539399878944	1.9565859329394162E-5	0.2798583291805819	0.006111268028000674	0.5386172571125827	2.6696371318148927E-5	2.2197782406982923E-5	7.949913548765773E-4	0.11051230534421486	0.015516849566809848
111	111	0.06062750910260671	0.26517222414192587	2.576000237984182E-5	0.02711704544867002	2.5320368621324547E-5	0.0635500286598636	0.16960477625842127	0.046657821127855305	5.825999771512605E-5	0.367161254891941
112	112	0.022442509503360995	3.7530418451136854E-5	0.0015043229411822892	0.5178054743448421	4.232787224718006E-5	5.1207870292302714E-5	4.257886394847902E-5	0.2742934781899729	0.17934530287622502	0.004435267119477592
113	113	9.290683702663065E-5	0.060812490648787514	1.095494911724895E-4	8.216778547060439E-5	1.076798618984835E-4	1.3027010592430536E-4	0.06949919294848644	0.1191177307458981	0.7499170321156203	1.3097945971501566E-4
114	114	5.1708100818421123E-5	5.313765328294094E-5	6.097071340971529E-5	0.05452764281881607	5.9930155124799586E-5	0.12007063742564056	0.18350570949145598	0.0966403554477822	0.05599909468138843	0.4890308135122809
115	115	3.510679288001844E-4	2.5163366381307945E-5	2.8872716525306784E-5	2.1656031004923097E-5	2.8379959548911567E-5	3.4333813875519826E-5	0.9993680233536966	4.26822057921189E-5	6.52998541688871E-5	3.452077020636286E-5
116	116	0.09922563661442224	0.06247120336213308	0.4947941979033275	3.868750467433729E-5	0.2089160972388406	6.447586801783398E-4	5.1000127102236186E-5	7.624980014658462E-5	0.12496915551790534	0.008813013251269791
117	117	2.1465052370074784E-5	0.9473391628332735	2.5310145521997555E-5	3.0526893034796466E-4	2.487818925738314E-5	3.0097404404359294E-5	2.502570952512738E-5	3.7415697925462106E-5	0.052161114744963724	3.026129241038562E-5
118	118	0.28372012398849866	0.11161532976235365	0.24903591504436332	0.034058192865146	0.22998756168178092	0.09122658127408759	5.946532451011405E-5	8.890603547827602E-5	1.360180675699122E-4	7.190595621164003E-5
119	119	2.788296141892686E-5	0.00709441832353109	3.287771205632626E-5	2.465998483511832E-5	3.2316603718305206E-5	0.10379426968046207	3.250823157288044E-5	0.8628156356251397	7.435773495032969E-5	0.02607107314231525
120	120	0.111589272943788	2.620755249027635E-5	0.10989317404266383	0.30036038792511455	0.0377843701825371	0.11193966243417255	2.9732890225003532E-5	0.12657409545230847	0.17829793551522263	0.0235051610614776
121	121	8.016436553915881E-6	8.238063657811266E-6	9.452442614597948E-6	7.089820944093326E-6	0.06961245919646619	0.91083979457566	9.346215847327703E-6	1.3973437537851395E-5	0.019480328290159728	1.1301520558391601E-5
122	122	0.14135589957617464	0.21693746000366126	0.2625592532516593	2.9655897407535574E-5	0.05102224952012468	0.007202579852743767	0.034028018025206996	0.03225848242495446	0.25455912850043283	4.727294763460019E-5
123	123	0.4221218663786321	0.006408860490954118	0.007353595278214067	0.1718697457773435	0.007228094950880791	0.00874448274989326	0.007270955405530572	0.010870735585326145	0.2661624802499398	0.0919691831332857
124	124	6.452362934399871E-5	6.630748742210504E-5	7.608192238006403E-5	5.706537756960548E-5	7.478346824958843E-5	0.29698660603176824	0.09301662528141974	0.49063651798329494	0.013941166404673298	0.10508032241387845
125	125	3.463146934407529E-5	3.558891124519281E-5	4.083509854190442E-5	3.06284363418823E-5	4.013818525802021E-5	0.12198724298515283	0.001887932013645525	0.6411622359030555	0.20378538377553382	0.03099538322188128
126	126	5.167246518953322E-5	0.49211988792358446	6.0928694273802155E-5	0.035882496476996435	0.016599948916677102	0.013166667200313176	6.0243976207732366E-5	0.2475018019743496	0.15244418553596836	0.042112166836439875
127	127	9.397448949132417E-4	0.019509334698202884	4.003985791196581E-5	3.003196473093325E-5	3.935651662322004E-5	0.1522199726238691	9.453777430704211E-4	0.8025872291082602	9.055597107749273E-5	0.023598356621340622
128	128	0.12700786326285024	7.465999234636302E-5	0.006868463255073028	0.035916183748778904	0.6948364699607742	0.0030087820617862443	8.470296329493712E-5	1.266385868042133E-4	0.13197381265307767	1.0242351521424868E-4
129	129	2.4085245378736404E-5	0.25379740753851426	0.09671899410831138	2.13012447589795E-5	0.11984715659130957	0.23067778058123733	2.8080544333075575E-5	0.03698357217755569	0.05146122376523416	0.21044039820336685
130	130	0.001448984112182089	0.027986326762842476	6.173709299460785E-5	0.002839558132327684	6.068345527233848E-5	0.054541830603627404	6.104329012514089E-5	0.2542772080536794	0.5804377551235265	0.07828487337342248
131	131	0.009294920187661024	4.194330408516851E-5	4.812619705308547E-5	0.0011248154052276023	0.012567564930059859	0.849257477877611	0.001136303621572331	0.0947896337062859	0.0316816741719375	5.754059850653587E-5
132	132	0.1429338177501715	3.847953272591271E-4	0.7152812736561578	2.3690861403256486E-5	0.028255185117736784	3.9482744258726945E-4	0.014321933733824788	4.6692684434026144E-5	0.09439007569650043	0.003967707729925027
133	133	5.537419759614011E-5	0.053970335443241986	6.529352806406735E-5	0.12264663703234316	6.417919434909371E-5	7.764339866887186E-5	6.455975789558166E-5	0.681030533245781	1.4767082470465366E-4	0.14187777337735547
134	134	1.4923880449930859E-5	0.1168539842078749	1.759723570333541E-5	1.3198837097934699E-5	1.729691201711457E-5	0.4823037935448836	1.7399477564209448E-5	0.36746067088762224	0.03328009542636746	2.103959041919736E-5
135	135	1.080837078747323E-5	1.1107185341713672E-5	7.335148297368156E-4	9.559036994201884E-6	0.9990001990066214	1.515504835182062E-5	1.2601280588733778E-5	1.6299411879079493E-4	2.882355135040575E-5	1.5237571436610373E-5
136	136	0.2325018053525323	6.218675809071633E-5	0.050110798471342324	0.12515213080120266	0.1735940168695739	8.484987840874304E-5	7.055187822083504E-5	0.0412669601550857	0.37707138792801037	8.531190753248938E-5
137	137	3.386501734749957E-5	0.01087479930182104	3.993134991672045E-5	2.9950578121285493E-5	3.9249860482531044E-5	0.004564149966801015	0.006814481370709933	0.8505472090118141	0.125201954521188	0.0018544090217979283
138	138	0.6462284840009428	4.187491910108479E-5	5.915193341095655E-4	0.03373127765278343	0.2728699722893662	5.713566526365401E-5	0.04624259400114888	7.102841040889103E-5	1.0866694341286506E-4	5.7446783462660286E-5
139	139	0.6283446854056491	2.561509896162296E-5	0.115387569092488	2.204479992466918E-5	2.8889436387661918E-5	0.023638496692346737	0.22609119640828193	7.083370707692471E-4	6.647211670208368E-5	0.005686693878488909
140	140	0.07368382431474596	0.05265600822066386	9.296194878476768E-5	0.07788071047317585	0.25876032289550566	1.1054513157029331E-4	0.05897590528546737	1.3742458301040352E-4	0.47759115006920655	1.111470778692356E-4
141	141	4.2264351222492415E-5	0.05133928607640338	0.20185110414890378	3.737903749008918E-5	0.03725257064517466	5.9261316893157874E-5	0.0011766566196092843	0.07842667755012171	0.32987176641578836	0.2999430338383931
142	142	6.0660634609836366E-5	6.233769407118357E-5	7.152693890335618E-5	0.8503617656240032	7.030622251825502E-5	8.50558209595907E-5	7.072311752064757E-5	0.002532877653632109	0.1465992273222891	8.551897149279684E-5
143	143	2.9285668043051746E-4	0.07451316840414418	3.453168932920571E-4	2.590055335147253E-4	0.10579888729024321	4.1063146697576823E-4	3.4143621411167574E-4	0.09815812963070249	0.7116558882969161	0.008224679589669307
144	144	1.728787689439649E-5	0.12360485692448346	2.0384701253912194E-5	1.5289580458904418E-5	2.0036805213517332E-5	0.17687367853518243	2.0155617512887557E-5	0.6763005415353367	0.023103396086301776	2.437233736198235E-5
145	145	6.639672295104439E-4	0.07478404262222728	0.03464337737752739	4.0957586065103166E-5	0.002524300909714462	0.0433008985908952	5.399268091091534E-5	0.10940594665595571	1.2350021093675363E-4	0.7344590161362569
146	146	0.0012020917959801253	3.012123381501126E-5	3.4561426804138937E-5	0.07469297401027322	3.397158330406561E-5	0.10598230721180285	0.005507150596066779	0.22014297552396714	7.816570111097152E-5	0.5922956809168758
147	147	2.6854336118507668E-5	2.7596766835815697E-5	0.663708254845261	2.3750257782519883E-5	3.1124417719521545E-5	3.76540341124964E-5	0.33563031860808207	4.6809749674764424E-5	4.2977791452814565E-4	3.785906988523734E-5
148	148	0.0017340165206018703	3.278725787276839E-5	3.762045140771699E-5	2.8217284694726704E-5	3.697840098374522E-5	4.473612919011155E-5	3.719767191047704E-5	0.9877057144301212	8.508413084506325E-5	0.010257647722372388
149	149	0.10960158519188082	2.4076677407813534E-4	0.05964707605695814	2.072080756358799E-4	0.2127565752966088	3.285109584840197E-4	2.7315378138227425E-4	4.0838959475395203E-4	0.6162064344861854	3.3029978403257583E-4
150	150	1.5028577474516208E-5	0.031684974253175374	0.01986128707028308	1.3291432249495759E-5	0.03689839011996678	2.107244678812694E-5	1.7521541898376683E-5	2.619628898832002E-5	0.9114410510775666	2.118719160930168E-5
151	151	0.06855989766775267	0.2577194764284841	0.0011943511576161894	8.95825153044797E-4	0.001173967732154119	0.001420255358087411	0.0011809290118669935	0.0017655956221766696	0.6646617128598289	0.0014279890089882654
152	152	0.891529565750685	3.1409848779639677E-4	0.0017755523138426243	1.933823831583543E-5	2.5342521029170006E-5	3.065914870852381E-5	2.5492794646307465E-5	0.005870679947156885	0.10037844470226433	3.082609555486306E-5
153	153	0.013245929217551173	3.769566798195292E-5	0.007381723341131524	0.06412175431302287	4.251424536312055E-5	0.6458368749460245	0.032332038422364186	0.1659133825046304	9.78216342249342E-5	0.07099026570770536
154	154	3.975451518859378E-5	4.085359181806067E-5	0.05412894418267887	5.653756682673147E-4	0.14373470837383698	0.5923074120129507	0.0011067817700493297	0.10187083642271214	0.08759171533608422	0.018613618126413833
155	155	1.786880576635801E-5	1.8362817244579286E-5	2.106969349310069E-5	1.5803360073544963E-5	2.0710107014629424E-5	0.0908253297230608	0.12347107532640901	0.6034597451438523	0.173068648306457	0.009081386716628621
156	156	1.1048874555148942E-5	0.004137482688996077	0.024180351286891402	0.04348148115104844	0.236970462461382	0.6395653866434157	1.288167950534402E-5	0.0187341985806099	0.009018530257708391	0.023888176375887544
157	157	0.04953977424847936	0.044354573762213564	0.0976361188049281	0.032562742679094335	0.5804214126146656	0.15893519480351834	4.1213785222996135E-5	6.161833440607108E-5	0.0033945653488044393	0.03305278561866714
158	158	0.006653856447770126	3.9211150734321165E-5	4.499129498921534E-5	0.02293424644729159	4.4223449869288394E-5	5.350112265412872E-5	4.4485681782463315E-5	0.909470835872569	0.0397959554915375	0.02091869304080241
159	159	0.021864911951625408	2.713990253761191E-5	3.114061531429296E-5	2.3357072417055703E-5	3.060915318353336E-5	0.05463328614399228	3.079065636394346E-5	0.6914811928266736	0.1856976976430232	0.046179874034869055
160	160	2.6372605452724747E-5	2.710171796167461E-5	3.109680192223841E-5	0.7158108249639965	3.823044171426784E-4	3.697857139234654E-5	0.025004168737571966	0.13194784364903028	0.12634439027682168	3.889182587079277E-4
161	161	0.2747939894874628	7.697208789405296E-5	8.83185993658164E-5	0.010056028542520119	8.681130766554235E-5	1.0502352107099919E-4	0.055031143706001484	0.12600185167768818	0.5236644806453344	0.010095380424996499
162	162	0.019302026706040788	0.019878159050231617	0.7479342586752756	1.908225178574815E-5	0.1528297712147335	3.1802122105773937E-4	2.5155338258752655E-5	3.760950459995074E-5	0.02969763458367685	0.029958281454339413
163	163	3.459950708371925E-5	3.5556065337451917E-5	4.079741079500886E-5	0.10155238673308199	4.010114071004883E-5	0.13479561252203526	0.10709967748748236	0.023133443654719116	0.001938119952080594	0.6313297055266746
164	164	4.423416794388615E-5	4.545709167922547E-5	0.5575668673617843	3.912116415116038E-5	0.03662895243788006	0.01009138845481385	0.3233511069929424	6.670671617607668E-4	0.07150344412232854	6.23610447159315E-5
165	165	4.057196819187056E-5	0.09527862717224997	4.7839735088730284E-5	3.588227610799231E-5	4.702327699088525E-5	0.44918560894105836	4.7302111046697745E-5	0.4551517498906611	1.0819652948257128E-4	5.719809912184164E-5
166	166	0.9622953164350956	2.185204268399602E-5	2.507326819286755E-5	0.009661399168133654	2.464535460142441E-5	2.9815723180406867E-5	0.003144453909499317	3.7065524885784574E-5	0.02473040049636621	2.9978077360675052E-5
167	167	2.0896722614275364E-5	2.14744456565222E-5	0.12098263146759275	1.848128163394839E-5	0.06245415056518674	0.5292901894083741	0.21295502087880558	3.6425043251137234E-5	0.07419127012209925	2.946006478562817E-5
168	168	4.3414553063538714E-5	4.461481724546933E-5	5.119151991180637E-5	3.8396288116067296E-5	0.018000286225563652	0.5698276119272897	0.04984730266612292	0.005286956975764457	0.09276077510270357	0.2640994499242189
169	169	3.113671507850461E-5	0.022872315284456785	3.671431944944197E-5	2.7537638851019697E-5	0.020800012956734087	0.03824928101858425	0.031182189557859525	0.1437406369019163	8.303478142962934E-5	0.7429771408256405
170	170	0.020756667657826803	2.28229504198656E-5	2.6187298144393165E-5	0.8433196981795879	0.10429044702302148	3.114046506861506E-5	0.017205873077877167	6.311254885620425E-4	0.0015402591542589916	0.012175778705232796
171	171	0.20147479574126184	2.7916726736604304E-5	0.03698825185355478	2.402562084113502E-5	3.1485277586363517E-5	3.809059905833235E-5	0.5993021397956522	4.735246697751887E-5	0.09028909939099326	0.07177684252733799
172	172	9.865222100979525E-5	0.1474654297552066	0.04616758972923281	0.08955827950395795	1.1433881374379917E-4	0.013295830521107017	1.1501680892433822E-4	1.719605262237506E-4	0.03841984679112816	0.6645930553294657
173	173	0.21674435039897966	3.901261552827466E-5	4.4763493564016045E-5	0.6633171436408586	4.39995362231071E-5	5.32302339857031E-5	0.07042320399001269	0.04766056683888645	0.001620209165841435	5.3520086120160525E-5
174	174	0.009345904430146885	0.3835505946852638	0.011020061683682499	0.008265616340215755	0.010831987510953354	0.013104438801685716	0.010896217977298244	0.5148859080377998	0.02492347473594577	0.01317579579700825
175	175	2.2542815283712244E-5	0.11487506352056544	0.001229218640913152	0.0015232341906810528	0.02077162713159709	3.160859877297821E-5	0.05384431798053431	0.03671974327600407	0.0406491380963138	0.7303335057493344
176	176	3.3367672282407E-5	3.429017450916855E-5	3.934491407882379E-5	2.9510720906022886E-5	0.0018188068874711773	0.0018269202178089346	0.001374002845833379	0.6747287423544356	8.898425436978474E-5	0.32002602995830476
177	177	3.3682458455806684E-5	3.461366344563356E-5	0.34190507711089474	0.03551909729555444	0.09842079131361783	0.013524180614802176	0.437141761577809	5.8711838631540176E-5	8.982371996657011E-5	0.07327226040682239
178	178	3.862804793334906E-5	3.969598158878582E-5	4.554759511263915E-5	3.416305255151313E-5	4.4770255882016164E-5	0.03560243604235297	4.503573019231924E-5	0.5781131694944684	0.2747005447177008	0.11133600908221727
179	179	4.5606376966184766E-5	0.05600717048394232	5.377597118535203E-5	4.0334760267157115E-5	5.2858202157945665E-5	6.394736650549981E-5	5.3171635585682185E-5	0.9428889532694047	7.29886357838608E-4	6.42955761466509E-5
180	180	1.2131905664929639E-4	1.2467311440197322E-4	1.4305126889259292E-4	1.0729585183701958E-4	0.469379157413971	1.7010853954494809E-4	1.4144365544621252E-4	2.1147105061436586E-4	0.5294304452249243	1.7103482371814524E-4
181	181	0.002616758628762828	2.2217501229978435E-5	2.5492599248975338E-5	0.8806362341006442	0.08306950043671209	3.0314368135411733E-5	2.520611283292956E-5	3.768541717808522E-5	5.765522658336987E-5	0.03347893560867225
182	182	4.688984040052583E-5	0.07759556074287086	5.528934491187613E-5	4.146986885020007E-5	0.00443202011808745	0.5891756408087173	0.0675959297141885	0.2596152855543263	0.001375809013027289	6.610499461975838E-5
183	183	2.7403981744409443E-5	0.025247252071965837	3.231293145131754E-5	2.423637016476585E-5	3.176146195635466E-5	0.7185997559068723	0.1451330934803121	0.08886282555598549	0.022002724282803254	3.8633956744152796E-5
184	184	0.32831411956445283	5.0891445108668366E-5	0.36465005873784506	0.005988227389604751	0.011946255470371711	0.0046928831734346374	0.1856560305745366	0.025185023879022706	1.3206515748658083E-4	0.07338444460813649
185	185	3.8351430830773495E-5	0.002085423931074413	4.5221426836906375E-5	3.391840947174264E-5	4.4449654165744646E-5	5.3774782530175645E-5	4.4713227403162785E-5	0.9974978046938425	1.0227484397495942E-4	5.406759986966999E-5
186	186	4.374383064067782E-5	4.4953198223515836E-5	5.157978187599055E-5	0.9317650567734929	5.069949417122745E-5	6.1335781450213E-5	5.1000127102236186E-5	0.06775330605260929	1.1665519008621931E-4	6.166977034788972E-5
